MFEM mesh v1.2

#
# MFEM Geometry Types (see mesh/geom.hpp):
#
# POINT       = 0
# SEGMENT     = 1
# TRIANGLE    = 2
# SQUARE      = 3
# TETRAHEDRON = 4
# CUBE        = 5
# PRISM       = 6
# PYRAMID     = 7
#

dimension
3

elements
70
1 4 10 6 7 14
1 4 1 8 11 9
1 4 5 8 12 13
1 4 2 1 11 9
1 4 14 7 10 25
1 4 15 11 17 21
1 4 2 11 20 25
1 4 15 6 14 23
1 4 15 19 21 16
1 4 5 23 24 22
1 4 16 17 28 29
1 4 2 18 14 20
1 4 15 11 20 17
1 4 8 17 21 26
1 4 15 19 22 21
1 4 1 2 11 20
1 4 0 27 32 30
1 4 8 5 19 22
1 4 17 15 21 16
1 4 4 18 20 31
1 4 8 1 11 17
1 4 20 7 11 23
1 4 23 5 8 22
1 4 15 14 20 23
1 4 21 19 26 32
1 4 6 7 23 24
1 4 20 1 3 17
1 4 6 18 15 14
1 4 1 20 11 17
1 4 8 11 23 21
1 4 8 22 19 21
1 4 15 20 31 28
1 4 18 2 4 20
1 4 11 15 20 23
1 4 22 8 23 21
1 4 20 7 14 25
1 4 3 20 17 28
1 4 11 15 23 21
1 4 23 15 22 21
1 4 11 8 17 21
1 4 6 7 14 23
1 4 0 32 33 30
1 4 15 6 23 24
1 4 15 14 18 20
1 4 7 20 14 23
1 4 24 7 23 13
1 4 15 24 23 22
1 4 5 23 8 13
1 4 23 5 24 13
1 4 10 2 14 25
1 4 7 20 11 25
1 4 17 15 16 28
1 4 17 21 26 27
1 4 17 16 21 27
1 4 15 20 18 31
1 4 19 8 21 26
1 4 20 3 4 31
1 4 14 2 20 25
1 4 20 15 17 28
1 4 16 19 21 32
1 4 27 21 26 32
1 4 26 0 27 32
1 4 17 3 28 29
1 4 16 21 27 32
1 4 19 26 32 33
1 4 20 3 31 28
1 4 16 19 32 33
1 4 26 0 32 33
1 4 27 16 32 30
1 4 32 16 33 30

boundary
25
3 2 6 10 7
2 2 8 5 12
3 2 12 5 13
4 2 10 6 14
4 2 2 10 14
3 2 24 7 13
3 2 15 6 24
3 2 19 15 22
4 2 18 2 14
2 2 19 8 26
3 2 6 7 24
3 2 24 5 22
3 2 16 19 33
3 2 18 6 15
2 2 5 8 19
3 2 15 24 22
3 2 15 19 16
4 2 2 18 4
3 2 5 24 13
3 2 5 19 22
4 2 6 18 14
2 2 26 0 33
3 2 33 0 30
2 2 19 26 33
3 2 16 33 30

vertices
34

nodes
FiniteElementSpace
FiniteElementCollection: H1_3D_P1
VDim: 3
Ordering: 1

0 0 -0.5
0 0 0
0.5 0 0
0.25 0.25 -0.25
0.5 0.25 -0.25
0 -0.5 -0.5
0.5 -0.5 -0.5
0.25 -0.5 -0.125
0 -0.25 -0.25
0.125 -0.25 -0.0625
0.5 -0.5 0
0.25 -0.125 -0.125
0 -0.5 -0.25
0.125 -0.5 -0.3125
0.5 -0.25 -0.25
0.25 -0.125 -0.5
0.125 -0.0625 -0.5
0.125 -0.0625 -0.25
0.5 0 -0.5
0 -0.25 -0.5
0.375 -0.0625 -0.25
0.125 -0.1875 -0.375
0.125 -0.3125 -0.5
0.25 -0.3125 -0.3125
0.25 -0.5 -0.5
0.375 -0.25 -0.0625
0 -0.125 -0.375
0.0625 -0.03125 -0.375
0.25 0.0625 -0.375
0.1875 0.09375 -0.375
0.0625 -0.03125 -0.5
0.375 0.0625 -0.375
0.0625 -0.09375 -0.4375
0 -0.125 -0.5
mfem_serial_mesh_end

communication_groups
number_of_groups 6

# number of entities in each group, followed by ranks in group
1 5
2 4 5
2 3 5
3 3 4 5
3 0 3 5
6 0 1 2 3 4 5

total_shared_vertices 25
total_shared_edges 59
total_shared_faces 35

# group 0 has no shared entities

# group 1
shared_vertices 8
7
9
10
11
12
13
23
25

shared_edges 21
7 10
1 9
8 11
8 9
9 11
8 12
8 13
12 13
2 9
2 25
2 10
7 11
2 11
7 13
7 23
13 23
11 23
8 23
25 7
10 25
11 25

shared_faces 13
2 8 11 9
2 1 8 9
2 13 8 12
2 1 2 9
2 10 7 25
2 9 2 11
2 11 2 25
2 23 7 13
2 11 7 23
2 11 8 23
2 8 13 23
2 2 10 25
2 7 11 25

# group 2
shared_vertices 13
3
4
15
16
17
18
20
26
27
28
29
30
31

shared_edges 36
1 3
2 4
3 4
4 18
2 20
0 26
0 27
8 17
15 16
1 17
3 17
1 20
3 20
3 28
3 29
0 30
16 17
4 20
4 31
15 18
26 8
27 17
28 15
29 16
30 16
31 15
26 27
17 26
28 29
16 28
17 29
27 30
16 27
31 28
3 31
18 31

shared_faces 22
2 17 8 26
2 3 1 17
2 20 1 3
2 2 1 20
2 16 15 28
2 17 16 29
2 16 17 27
2 20 3 4
2 4 2 20
2 31 3 28
2 18 15 31
2 8 1 17
2 26 0 27
2 17 26 27
2 28 3 29
2 16 28 29
2 3 17 29
2 27 0 30
2 16 27 30
2 15 31 28
2 4 3 31
2 4 18 31

# group 3
shared_vertices 2
2
8

shared_edges 2
1 2
1 8

shared_faces 0

# group 4
shared_vertices 1
0

shared_edges 0

shared_faces 0

# group 5
shared_vertices 1
1

shared_edges 0

shared_faces 0

mfem_mesh_end
