MFEM mesh v1.2

#
# MFEM Geometry Types (see mesh/geom.hpp):
#
# POINT       = 0
# SEGMENT     = 1
# TRIANGLE    = 2
# SQUARE      = 3
# TETRAHEDRON = 4
# CUBE        = 5
# PRISM       = 6
# PYRAMID     = 7
#

dimension
3

elements
82
1 4 0 8 3 29
1 4 3 9 31 30
1 4 2 8 10 11
1 4 11 6 9 30
1 4 3 8 11 30
1 4 4 8 6 10
1 4 3 2 9 11
1 4 8 2 3 11
1 4 6 10 8 11
1 4 18 2 16 11
1 4 14 21 22 20
1 4 6 4 10 21
1 4 6 33 34 32
1 4 13 15 19 22
1 4 4 14 21 23
1 4 15 9 34 38
1 4 2 9 18 25
1 4 14 18 21 20
1 4 6 10 11 21
1 4 15 19 20 26
1 4 15 9 18 34
1 4 5 7 38 36
1 4 11 14 10 16
1 4 19 17 20 27
1 4 6 18 11 9
1 4 15 1 9 7
1 4 2 10 16 11
1 4 19 14 20 17
1 4 9 2 18 11
1 4 11 14 18 21
1 4 21 13 15 35
1 4 4 14 10 21
1 4 22 15 19 20
1 4 13 21 23 35
1 4 1 15 9 18
1 4 15 18 21 34
1 4 14 11 10 21
1 4 18 6 11 21
1 4 19 14 22 20
1 4 14 11 18 16
1 4 13 21 15 22
1 4 23 14 21 22
1 4 18 15 21 20
1 4 6 4 21 23
1 4 21 13 23 22
1 4 15 22 21 20
1 4 24 4 14 10
1 4 10 14 24 16
1 4 24 2 10 16
1 4 6 8 29 30
1 4 5 31 36 32
1 4 9 3 11 30
1 4 11 8 6 30
1 4 6 33 35 34
1 4 9 6 34 36
1 4 9 1 18 25
1 4 12 26 27 37
1 4 6 18 9 34
1 4 19 17 27 37
1 4 15 21 35 34
1 4 6 23 21 35
1 4 18 6 21 34
1 4 8 3 29 30
1 4 6 9 31 36
1 4 15 13 33 35
1 4 6 34 36 32
1 4 19 20 26 27
1 4 17 27 37 28
1 4 21 6 35 34
1 4 34 5 36 32
1 4 27 12 37 28
1 4 9 6 31 30
1 4 5 33 34 38
1 4 9 34 38 36
1 4 9 15 7 38
1 4 31 6 36 32
1 4 33 15 35 34
1 4 26 19 27 37
1 4 33 15 34 38
1 4 34 5 38 36
1 4 33 5 34 32
1 4 7 9 38 36

boundary
36
3 2 8 6 29
4 2 8 2 10
3 2 8 4 6
4 2 8 0 3
4 2 2 8 3
4 2 4 8 10
3 2 23 14 22
3 2 19 14 17
3 2 6 4 23
3 2 33 6 35
2 2 15 13 19
2 2 33 15 38
2 2 15 1 7
3 2 4 14 23
3 2 19 13 22
3 2 23 13 35
2 2 26 19 37
2 2 7 5 38
3 2 14 19 22
3 2 13 23 22
3 2 37 17 28
3 2 4 24 14
4 2 24 4 10
4 2 2 24 10
3 2 0 8 29
3 2 33 5 32
2 2 13 15 33
3 2 6 23 35
2 2 15 19 26
2 2 15 7 38
3 2 19 17 37
3 2 6 33 32
3 2 13 33 35
2 2 5 33 38
2 2 12 26 37
3 2 12 37 28

vertices
39

nodes
FiniteElementSpace
FiniteElementCollection: H1_3D_P1
VDim: 3
Ordering: 1

0.5 -0.5 0.5
0 0 0
0 0 0.5
0.25 -0.25 0.5
-0.5 -0.5 0.5
0 -0.5 0
-0.125 -0.5 0.25
0 -0.25 0
0 -0.5 0.5
0 -0.25 0.25
-0.25 -0.25 0.5
-0.0625 -0.25 0.375
-0.5 0 0
-0.5 -0.5 0
-0.5 -0.125 0.25
-0.25 -0.25 0
-0.25 -0.0625 0.375
-0.5 -0.0625 0.125
-0.125 -0.125 0.25
-0.5 -0.25 0
-0.375 -0.1875 0.125
-0.3125 -0.3125 0.25
-0.5 -0.3125 0.125
-0.5 -0.5 0.25
-0.5 0 0.5
0 0 0.25
-0.375 -0.125 0
-0.4375 -0.09375 0.0625
-0.5 -0.03125 0.0625
0.1875 -0.5 0.375
0.0625 -0.375 0.375
0.125 -0.375 0.25
-0.0625 -0.5 0.125
-0.25 -0.5 0
-0.1875 -0.375 0.125
-0.3125 -0.5 0.125
0 -0.375 0.125
-0.5 -0.125 0
-0.125 -0.375 0
mfem_serial_mesh_end

communication_groups
number_of_groups 6

# number of entities in each group, followed by ranks in group
1 2
2 1 2
2 2 4
4 1 2 3 4
6 0 1 2 3 4 5
3 0 1 2

total_shared_vertices 25
total_shared_edges 56
total_shared_faces 32

# group 0 has no shared entities

# group 1
shared_vertices 10
14
15
16
17
18
20
24
26
27
28

shared_edges 27
2 18
2 16
16 18
14 20
1 18
1 15
12 26
14 18
18 20
15 20
12 27
15 18
14 17
17 20
14 16
12 28
14 24
2 24
16 24
26 15
27 20
28 17
18 25
26 27
20 26
27 28
17 27

shared_faces 16
2 2 18 16
2 18 2 25
2 14 18 20
2 20 15 26
2 15 1 18
2 20 14 17
2 17 20 27
2 15 18 20
2 18 14 16
2 2 24 16
2 16 14 24
2 1 18 25
2 26 12 27
2 20 26 27
2 27 12 28
2 17 27 28

# group 2
shared_vertices 11
0
3
5
6
7
9
29
30
32
31
36

shared_edges 27
0 3
2 3
0 29
3 30
2 9
1 9
1 7
5 7
3 9
5 32
3 31
5 36
7 9
29 6
30 6
32 6
31 5
36 9
29 30
3 29
9 25
31 36
9 31
31 30
31 32
6 31
7 36

shared_faces 16
2 3 0 29
2 9 2 25
2 3 2 9
2 9 3 31
2 31 6 32
2 9 1 7
2 7 5 36
2 29 6 30
2 3 29 30
2 1 9 25
2 31 5 36
2 9 31 36
2 5 31 32
2 31 3 30
2 6 31 30
2 9 7 36

# group 3
shared_vertices 2
2
25

shared_edges 2
1 25
25 2

shared_faces 0

# group 4
shared_vertices 1
1

shared_edges 0

shared_faces 0

# group 5
shared_vertices 1
12

shared_edges 0

shared_faces 0

mfem_mesh_end
