MFEM mesh v1.2

#
# MFEM Geometry Types (see mesh/geom.hpp):
#
# POINT       = 0
# SEGMENT     = 1
# TRIANGLE    = 2
# SQUARE      = 3
# TETRAHEDRON = 4
# CUBE        = 5
# PRISM       = 6
# PYRAMID     = 7
#

dimension
3

elements
140
1 4 0 50 52 49
1 4 0 5 50 49
1 4 6 5 3 50
1 4 1 12 13 11
1 4 13 1 37 36
1 4 5 6 3 8
1 4 0 5 12 52
1 4 2 9 26 45
1 4 5 6 8 13
1 4 3 5 8 7
1 4 13 6 8 11
1 4 13 11 8 37
1 4 6 5 12 13
1 4 7 13 8 32
1 4 8 3 7 9
1 4 8 5 13 7
1 4 6 13 12 11
1 4 2 32 26 27
1 4 1 19 11 17
1 4 2 9 46 44
1 4 3 8 18 9
1 4 6 3 8 20
1 4 1 10 17 37
1 4 15 16 38 43
1 4 16 26 30 29
1 4 17 10 38 42
1 4 2 26 44 28
1 4 9 8 18 26
1 4 6 8 11 20
1 4 8 11 39 42
1 4 17 11 37 42
1 4 14 3 18 9
1 4 17 15 19 39
1 4 5 13 7 25
1 4 5 7 23 25
1 4 5 24 13 25
1 4 13 32 35 36
1 4 2 40 45 34
1 4 13 24 41 35
1 4 7 21 32 45
1 4 23 21 7 40
1 4 24 25 21 35
1 4 13 7 25 35
1 4 23 21 25 7
1 4 21 41 35 33
1 4 22 7 3 9
1 4 7 22 3 23
1 4 3 5 7 23
1 4 2 22 9 45
1 4 10 26 27 29
1 4 16 26 27 28
1 4 26 2 27 28
1 4 26 16 27 29
1 4 10 26 30 31
1 4 26 8 30 31
1 4 26 10 30 29
1 4 10 32 33 27
1 4 2 32 33 34
1 4 32 21 33 34
1 4 32 2 33 27
1 4 10 32 35 33
1 4 32 21 35 33
1 4 32 10 35 36
1 4 10 37 36 31
1 4 8 9 7 26
1 4 11 13 1 37
1 4 8 7 32 26
1 4 13 8 32 36
1 4 8 37 42 31
1 4 8 38 30 31
1 4 10 17 38 43
1 4 8 18 26 30
1 4 18 9 26 44
1 4 8 39 38 42
1 4 11 1 17 37
1 4 19 11 17 39
1 4 7 22 40 45
1 4 24 1 13 41
1 4 21 7 32 35
1 4 7 22 23 40
1 4 24 13 25 35
1 4 21 25 7 35
1 4 10 1 41 36
1 4 8 13 37 36
1 4 7 32 26 45
1 4 8 32 36 31
1 4 10 17 37 42
1 4 10 38 30 29
1 4 18 16 26 30
1 4 17 15 39 38
1 4 7 13 32 35
1 4 1 13 41 36
1 4 32 10 36 31
1 4 38 16 30 29
1 4 1 10 37 36
1 4 10 32 26 31
1 4 16 38 43 29
1 4 10 38 42 31
1 4 16 18 26 44
1 4 11 17 39 42
1 4 11 8 37 42
1 4 21 7 40 45
1 4 24 21 41 35
1 4 21 32 45 34
1 4 10 41 35 36
1 4 22 7 9 45
1 4 37 8 36 31
1 4 37 10 42 31
1 4 38 10 30 31
1 4 17 15 38 43
1 4 9 2 26 44
1 4 39 17 38 42
1 4 22 2 40 45
1 4 32 2 26 45
1 4 32 8 26 31
1 4 38 10 43 29
1 4 38 8 42 31
1 4 32 2 45 34
1 4 41 13 35 36
1 4 9 7 26 45
1 4 32 10 26 27
1 4 14 9 18 46
1 4 26 16 44 28
1 4 40 21 45 34
1 4 41 10 35 33
1 4 9 18 46 44
1 4 4 50 51 48
1 4 5 3 50 47
1 4 6 5 50 52
1 4 3 6 50 51
1 4 3 50 47 48
1 4 50 4 47 48
1 4 4 50 52 51
1 4 5 50 49 47
1 4 5 6 12 52
1 4 50 3 51 48
1 4 5 0 50 52
1 4 50 6 52 51
1 4 50 4 49 47
1 4 50 4 52 49

boundary
36
4 2 5 0 12
4 2 12 6 11
4 2 12 1 13
4 2 12 0 52
4 2 5 12 13
4 2 1 12 11
3 2 15 17 19
3 2 43 16 29
2 2 14 3 9
3 2 10 1 17
4 2 19 1 11
2 2 9 2 46
3 2 17 15 43
3 2 1 19 17
3 2 27 16 28
4 2 24 5 13
3 2 41 10 33
3 2 24 1 41
3 2 33 2 34
4 2 1 24 13
2 2 22 2 9
2 2 3 22 9
4 2 6 12 52
3 2 15 16 43
2 2 14 9 46
3 2 10 17 43
3 2 27 10 29
3 2 1 10 41
3 2 21 24 41
3 2 33 10 27
3 2 16 27 29
3 2 2 33 27
3 2 10 43 29
3 2 2 27 28
3 2 21 41 33
3 2 21 33 34

vertices
53

nodes
FiniteElementSpace
FiniteElementCollection: H1_3D_P1
VDim: 3
Ordering: 1

0.5 0.5 0.5
0.5 0.5 -0.5
0 0 -0.5
0 0 0
0 0 0.5
0 0.5 0
0.5 0 0
0 0.25 -0.25
0.25 0.25 -0.25
0 0 -0.25
0.25 0.25 -0.5
0.5 0.25 -0.25
0.5 0.5 0
0.25 0.5 -0.25
0 -0.25 -0.25
0.25 -0.125 -0.5
0.125 -0.0625 -0.5
0.375 0.1875 -0.5
0.125 -0.0625 -0.25
0.5 0 -0.5
0.375 -0.0625 -0.25
-0.125 0.25 -0.5
-0.25 0 -0.25
-0.125 0.25 -0.125
0 0.5 -0.5
-0.0625 0.375 -0.25
0.125 0.125 -0.375
0.125 0.125 -0.5
0.0625 -0.03125 -0.5
0.1875 0.09375 -0.5
0.1875 0.09375 -0.375
0.25 0.25 -0.375
0.125 0.25 -0.375
0.0625 0.25 -0.5
-0.0625 0.125 -0.5
0.0625 0.375 -0.375
0.25 0.375 -0.375
0.375 0.375 -0.375
0.25 0.0625 -0.375
0.375 0.0625 -0.375
-0.1875 0.125 -0.375
0.1875 0.375 -0.5
0.3125 0.21875 -0.375
0.25 0.0625 -0.5
0.0625 -0.03125 -0.375
0 0.125 -0.375
0 -0.125 -0.375
0 0.25 0.25
0 0 0.25
0.25 0.25 0.5
0.25 0.25 0.25
0.25 0 0.25
0.5 0.25 0.25
mfem_serial_mesh_end

communication_groups
number_of_groups 11

# number of entities in each group, followed by ranks in group
1 3
2 0 3
2 3 5
2 1 3
2 3 4
3 3 4 5
3 0 1 3
4 1 2 3 4
3 1 3 4
3 0 3 5
6 0 1 2 3 4 5

total_shared_vertices 32
total_shared_edges 78
total_shared_faces 46

# group 0 has no shared entities

# group 1
shared_vertices 7
21
22
23
24
25
40
34

shared_edges 19
21 24
5 25
21 40
21 23
22 23
2 34
2 22
5 23
23 25
5 24
24 25
21 25
3 23
3 22
40 22
34 21
23 40
40 34
2 40

shared_faces 11
2 23 22 40
2 40 2 34
2 23 5 25
2 5 24 25
2 23 21 25
2 24 25 21
2 5 3 23
2 3 22 23
2 21 23 40
2 21 40 34
2 22 2 40

# group 2
shared_vertices 13
8
11
15
16
18
19
20
46
44
38
30
28
39

shared_edges 36
3 8
6 11
8 11
11 19
6 20
2 46
2 44
14 18
15 16
3 18
8 18
3 20
8 20
8 38
8 30
2 28
16 18
11 20
11 39
15 19
46 14
44 18
38 15
30 16
28 16
39 15
46 44
18 46
38 30
16 38
18 30
44 28
16 44
39 38
8 39
19 39

shared_faces 22
2 18 14 46
2 8 3 18
2 20 3 8
2 6 3 20
2 16 15 38
2 18 16 30
2 16 18 44
2 20 8 11
2 11 6 20
2 39 8 38
2 19 15 39
2 14 3 18
2 46 2 44
2 18 46 44
2 38 8 30
2 16 38 30
2 8 18 30
2 44 2 28
2 16 44 28
2 15 39 38
2 11 8 39
2 11 19 39

# group 3
shared_vertices 1
47

shared_edges 7
4 47
0 5
47 5
47 48
3 47
49 47
5 49

shared_faces 6
2 3 5 47
2 49 5 47
2 47 4 48
2 3 47 48
2 4 49 47
2 0 5 49

# group 4
shared_vertices 2
52
51

shared_edges 9
0 52
4 51
52 6
51 6
51 48
3 51
52 49
52 51
4 52

shared_faces 7
2 3 6 51
2 52 4 51
2 51 4 48
2 3 51 48
2 6 52 51
2 52 0 49
2 4 52 49

# group 5
shared_vertices 2
6
14

shared_edges 2
3 6
3 14

shared_faces 0

# group 6
shared_vertices 1
5

shared_edges 1
3 5

shared_faces 0

# group 7
shared_vertices 2
4
48

shared_edges 2
3 48
48 4

shared_faces 0

# group 8
shared_vertices 2
0
49

shared_edges 2
0 49
49 4

shared_faces 0

# group 9
shared_vertices 1
2

shared_edges 0

shared_faces 0

# group 10
shared_vertices 1
3

shared_edges 0

shared_faces 0

mfem_mesh_end
