MFEM mesh v1.2

#
# MFEM Geometry Types (see mesh/geom.hpp):
#
# POINT       = 0
# SEGMENT     = 1
# TRIANGLE    = 2
# SQUARE      = 3
# TETRAHEDRON = 4
# CUBE        = 5
# PRISM       = 6
# PYRAMID     = 7
#

dimension
3

elements
77
1 4 16 5 9 11
1 4 9 13 17 30
1 4 9 17 32 30
1 4 11 3 12 19
1 4 6 10 33 32
1 4 8 18 14 15
1 4 5 9 17 21
1 4 9 13 19 17
1 4 17 6 10 20
1 4 8 5 11 17
1 4 8 18 20 14
1 4 6 17 21 20
1 4 19 8 13 12
1 4 20 10 17 14
1 4 5 9 11 17
1 4 10 6 18 20
1 4 8 5 17 21
1 4 3 13 12 19
1 4 17 8 20 14
1 4 11 9 16 19
1 4 10 13 17 14
1 4 19 8 11 17
1 4 14 18 35 34
1 4 21 9 17 32
1 4 8 19 13 17
1 4 10 20 18 14
1 4 8 21 17 20
1 4 16 3 11 19
1 4 13 8 17 14
1 4 11 9 19 17
1 4 8 19 11 12
1 4 7 34 36 27
1 4 0 24 4 22
1 4 7 25 35 34
1 4 3 2 23 13
1 4 3 24 11 12
1 4 10 23 13 14
1 4 23 10 2 29
1 4 5 24 8 11
1 4 8 13 12 23
1 4 23 3 13 12
1 4 4 24 12 28
1 4 7 25 34 27
1 4 10 23 2 13
1 4 8 11 24 12
1 4 8 13 23 14
1 4 24 3 4 12
1 4 23 8 14 26
1 4 22 8 24 28
1 4 13 10 17 30
1 4 6 17 10 32
1 4 10 1 33 30
1 4 17 6 21 32
1 4 15 18 14 34
1 4 10 23 14 25
1 4 23 10 29 25
1 4 8 12 24 28
1 4 23 14 25 26
1 4 14 8 15 26
1 4 24 4 22 28
1 4 1 33 30 31
1 4 10 29 25 35
1 4 14 15 25 26
1 4 33 9 30 31
1 4 17 10 32 30
1 4 10 33 32 30
1 4 18 10 14 35
1 4 15 18 34 36
1 4 14 10 25 35
1 4 15 14 25 34
1 4 29 7 25 35
1 4 33 9 32 30
1 4 18 35 34 36
1 4 34 15 36 27
1 4 14 35 25 34
1 4 25 15 34 27
1 4 35 7 34 36

boundary
35
3 2 8 5 21
3 2 18 8 20
3 2 21 9 32
3 2 5 16 9
3 2 33 9 31
2 2 18 10 35
2 2 10 6 33
3 2 21 6 20
3 2 15 18 36
4 2 16 5 11
3 2 5 9 21
2 2 6 10 18
3 2 8 21 20
3 2 8 18 15
4 2 3 16 11
3 2 6 18 20
3 2 8 22 24
4 2 24 3 11
2 2 10 2 29
3 2 24 5 8
4 2 24 0 4
4 2 3 24 4
3 2 0 24 22
4 2 5 24 11
3 2 6 21 32
3 2 33 6 32
2 2 35 7 36
2 2 1 10 33
3 2 36 7 27
2 2 29 7 35
3 2 9 33 32
2 2 18 35 36
3 2 15 36 27
2 2 10 29 35
3 2 1 33 31

vertices
37

nodes
FiniteElementSpace
FiniteElementCollection: H1_3D_P1
VDim: 3
Ordering: 1

-0.5 0.5 0.5
0 0 -0.5
0 0 0
0 0.5 0
-0.25 0.5 0.25
-0.5 0.5 -0.5
-0.5 0 -0.5
-0.5 0 0
-0.5 0.25 -0.125
-0.125 0.25 -0.5
-0.25 0 -0.25
-0.25 0.5 -0.25
-0.25 0.375 -0.0625
-0.125 0.25 -0.125
-0.375 0.125 -0.1875
-0.5 0.125 -0.0625
0 0.5 -0.5
-0.3125 0.25 -0.3125
-0.5 0 -0.25
-0.0625 0.375 -0.25
-0.5 0.125 -0.3125
-0.5 0.25 -0.5
-0.5 0.375 0.1875
-0.25 0.25 0
-0.5 0.5 0
-0.375 0.125 0
-0.375 0.1875 -0.03125
-0.5 0.0625 -0.03125
-0.375 0.375 0.0625
-0.25 0 0
-0.1875 0.125 -0.375
-0.0625 0.125 -0.5
-0.3125 0.125 -0.5
-0.25 0 -0.5
-0.4375 0.0625 -0.09375
-0.375 0 -0.125
-0.5 0 -0.125
mfem_serial_mesh_end

communication_groups
number_of_groups 7

# number of entities in each group, followed by ranks in group
1 0
2 0 1
2 0 3
3 0 1 3
3 0 3 5
6 0 1 2 3 4 5
3 0 1 2

total_shared_vertices 23
total_shared_edges 51
total_shared_faces 29

# group 0 has no shared entities

# group 1
shared_vertices 12
0
4
8
12
15
22
23
27
29
25
26
28

shared_edges 31
0 4
3 4
3 12
8 15
8 12
7 27
2 29
0 22
4 22
7 25
15 26
3 23
2 23
4 12
4 28
8 22
8 23
12 23
27 15
29 7
25 23
26 23
28 8
25 27
25 26
15 25
22 28
12 28
8 26
29 25
23 29

shared_faces 18
2 4 0 22
2 25 15 26
2 2 3 23
2 4 3 12
2 22 4 28
2 12 8 28
2 8 12 23
2 3 23 12
2 8 23 26
2 29 23 25
2 23 25 26
2 25 7 27
2 15 25 27
2 8 22 28
2 4 12 28
2 15 8 26
2 7 29 25
2 2 23 29

# group 2
shared_vertices 7
9
10
13
16
19
30
31

shared_edges 19
9 16
3 19
9 30
9 13
10 13
1 31
1 10
3 13
13 19
3 16
16 19
9 19
2 13
2 10
30 10
31 9
13 30
30 31
1 30

shared_faces 11
2 13 10 30
2 30 1 31
2 13 3 19
2 3 16 19
2 13 9 19
2 16 19 9
2 3 2 13
2 2 10 13
2 9 13 30
2 9 30 31
2 10 1 30

# group 3
shared_vertices 1
3

shared_edges 1
2 3

shared_faces 0

# group 4
shared_vertices 1
1

shared_edges 0

shared_faces 0

# group 5
shared_vertices 1
2

shared_edges 0

shared_faces 0

# group 6
shared_vertices 1
7

shared_edges 0

shared_faces 0

mfem_mesh_end
