MFEM mesh v1.2

#
# MFEM Geometry Types (see mesh/geom.hpp):
#
# POINT       = 0
# SEGMENT     = 1
# TRIANGLE    = 2
# SQUARE      = 3
# TETRAHEDRON = 4
# CUBE        = 5
# PRISM       = 6
# PYRAMID     = 7
#

dimension
3

elements
179
1 4 3 54 48 50
1 4 0 7 55 47
1 4 3 6 54 50
1 4 4 8 54 58
1 4 6 4 5 7
1 4 6 7 5 41
1 4 6 4 8 54
1 4 4 6 8 7
1 4 14 2 39 40
1 4 3 18 15 42
1 4 16 2 18 40
1 4 13 19 17 37
1 4 2 16 18 48
1 4 14 19 40 56
1 4 18 13 16 19
1 4 17 19 36 37
1 4 18 19 16 40
1 4 18 13 15 16
1 4 0 20 41 47
1 4 7 20 5 41
1 4 22 25 29 30
1 4 16 15 42 38
1 4 4 7 11 44
1 4 7 20 21 57
1 4 0 7 20 21
1 4 20 57 43 45
1 4 11 10 22 43
1 4 11 22 44 43
1 4 20 45 29 28
1 4 9 31 26 35
1 4 13 23 46 53
1 4 6 23 47 34
1 4 6 32 46 34
1 4 13 16 32 46
1 4 17 31 32 37
1 4 6 15 46 38
1 4 3 24 6 15
1 4 9 39 51 36
1 4 4 2 5 22
1 4 6 24 23 46
1 4 2 5 16 48
1 4 2 5 22 39
1 4 24 6 23 49
1 4 16 5 31 38
1 4 22 5 44 29
1 4 15 13 24 46
1 4 3 6 50 42
1 4 9 51 25 26
1 4 9 31 51 26
1 4 4 5 7 44
1 4 20 25 26 28
1 4 26 12 25 27
1 4 25 9 26 27
1 4 12 26 25 28
1 4 29 12 25 28
1 4 25 20 29 28
1 4 12 29 25 30
1 4 6 31 32 34
1 4 20 31 32 33
1 4 31 17 32 33
1 4 31 20 32 34
1 4 17 31 26 33
1 4 31 20 26 33
1 4 31 17 26 35
1 4 16 31 36 37
1 4 17 31 36 35
1 4 31 9 36 35
1 4 31 17 36 37
1 4 16 31 32 38
1 4 31 6 32 38
1 4 31 16 32 37
1 4 16 39 40 36
1 4 13 16 19 37
1 4 9 40 36 52
1 4 19 17 36 52
1 4 18 14 19 40
1 4 20 5 41 34
1 4 7 0 20 41
1 4 6 3 15 42
1 4 10 22 43 45
1 4 22 4 11 44
1 4 12 10 45 30
1 4 20 23 46 34
1 4 20 0 23 47
1 4 20 32 53 33
1 4 16 13 32 37
1 4 13 15 16 46
1 4 5 2 16 39
1 4 13 23 24 46
1 4 5 16 48 50
1 4 5 22 39 51
1 4 6 23 49 47
1 4 5 16 31 51
1 4 5 4 22 44
1 4 24 6 15 46
1 4 6 5 50 38
1 4 20 5 51 29
1 4 6 5 31 34
1 4 20 7 5 44
1 4 9 39 40 56
1 4 19 16 40 36
1 4 17 36 52 35
1 4 5 6 41 34
1 4 45 22 43 29
1 4 10 22 45 30
1 4 23 6 46 34
1 4 17 13 32 53
1 4 13 17 32 37
1 4 50 16 48 42
1 4 51 22 39 25
1 4 23 0 49 47
1 4 16 31 51 36
1 4 5 16 50 38
1 4 5 22 51 29
1 4 5 20 31 34
1 4 36 9 52 35
1 4 43 20 45 29
1 4 48 3 50 42
1 4 39 9 51 25
1 4 31 9 51 36
1 4 2 4 5 54
1 4 6 8 7 55
1 4 4 6 5 54
1 4 1 3 8 54
1 4 6 7 41 47
1 4 8 3 6 54
1 4 2 16 39 40
1 4 15 18 16 42
1 4 2 14 18 40
1 4 16 18 48 42
1 4 56 19 40 52
1 4 19 16 36 37
1 4 20 41 47 34
1 4 15 6 42 38
1 4 20 7 44 43
1 4 20 21 57 45
1 4 11 7 57 43
1 4 22 44 43 29
1 4 12 45 29 30
1 4 23 20 46 53
1 4 23 20 47 34
1 4 20 32 46 53
1 4 16 32 46 38
1 4 15 16 46 38
1 4 16 5 39 51
1 4 5 6 31 38
1 4 5 20 44 29
1 4 6 50 42 38
1 4 20 51 25 29
1 4 20 5 31 51
1 4 39 9 40 36
1 4 19 36 40 52
1 4 32 17 53 33
1 4 39 14 40 56
1 4 7 0 41 47
1 4 18 3 48 42
1 4 40 9 56 52
1 4 41 6 47 34
1 4 7 11 44 43
1 4 21 10 57 45
1 4 7 20 57 43
1 4 44 20 43 29
1 4 45 22 29 30
1 4 32 13 46 53
1 4 32 6 46 38
1 4 50 16 42 38
1 4 51 22 25 29
1 4 5 2 54 48
1 4 7 6 55 47
1 4 6 5 54 50
1 4 10 11 57 43
1 4 45 12 29 28
1 4 32 20 46 34
1 4 16 51 39 36
1 4 51 20 25 26
1 4 31 20 51 26
1 4 5 48 54 50
1 4 57 10 43 45
1 4 8 1 54 58

boundary
40
4 2 3 1 8
4 2 8 4 7
4 2 6 8 55
4 2 8 1 58
4 2 3 8 6
4 2 7 0 55
2 2 39 14 56
3 2 45 12 28
3 2 23 20 53
4 2 24 3 6
3 2 23 24 49
3 2 20 0 21
3 2 26 17 33
3 2 23 13 24
3 2 21 10 45
3 2 17 13 53
3 2 26 12 27
3 2 0 20 23
4 2 49 6 47
4 2 55 0 47
4 2 4 8 58
4 2 8 7 55
2 2 2 14 39
3 2 10 12 45
3 2 13 23 53
3 2 0 23 49
3 2 26 9 35
3 2 20 21 45
3 2 53 20 33
3 2 26 20 28
4 2 24 6 49
4 2 6 55 47
3 2 17 26 35
3 2 17 53 33
3 2 12 26 28
2 2 9 39 56
3 2 20 45 28
3 2 20 26 33
3 2 9 26 27
4 2 0 49 47

vertices
59

nodes
FiniteElementSpace
FiniteElementCollection: H1_3D_P1
VDim: 3
Ordering: 1

-0.5 0.5 0.5
0.5 0.5 0.5
0 0 0
0 0 0.5
0 0.5 0
-0.25 0.25 0.25
-0.25 0.25 0.5
-0.25 0.5 0.25
0 0.5 0.5
-0.5 0 0
-0.5 0.25 -0.125
-0.25 0.375 -0.0625
-0.5 0.125 -0.0625
-0.5 -0.125 0.25
-0.25 -0.25 0
-0.25 -0.0625 0.375
-0.25 0 0.25
-0.5 -0.0625 0.125
-0.125 -0.125 0.25
-0.375 -0.1875 0.125
-0.5 0.25 0.25
-0.5 0.375 0.1875
-0.25 0.25 0
-0.5 0.1875 0.375
-0.5 0 0.5
-0.375 0.125 0
-0.5 0.125 0.125
-0.5 0.0625 -0.03125
-0.5 0.1875 0.09375
-0.375 0.25 0.125
-0.375 0.1875 -0.03125
-0.375 0.125 0.25
-0.375 0.09375 0.3125
-0.5 0.09375 0.1875
-0.375 0.25 0.375
-0.5 -0.03125 0.0625
-0.375 0 0.125
-0.375 -0.03125 0.1875
-0.25 0.125 0.375
-0.25 0 0
-0.25 -0.125 0.125
-0.375 0.375 0.375
-0.125 0 0.375
-0.375 0.3125 0.09375
-0.25 0.375 0.125
-0.5 0.25 0.0625
-0.375 0.0625 0.375
-0.375 0.375 0.5
0 0 0.25
-0.5 0.25 0.5
-0.125 0.125 0.375
-0.375 0.125 0.125
-0.4375 -0.09375 0.0625
-0.5 0.0625 0.25
0 0.25 0.25
-0.25 0.5 0.5
-0.375 -0.125 0
-0.375 0.375 0.0625
0.25 0.5 0.25
mfem_serial_mesh_end

communication_groups
number_of_groups 9

# number of entities in each group, followed by ranks in group
1 1
2 0 1
2 1 2
2 1 3
3 1 3 4
3 0 1 3
4 1 2 3 4
6 0 1 2 3 4 5
3 0 1 2

total_shared_vertices 30
total_shared_edges 70
total_shared_faces 40

# group 0 has no shared entities

# group 1
shared_vertices 12
0
7
10
11
12
21
22
27
39
25
30
57

shared_edges 31
0 7
4 7
4 11
10 12
10 11
9 27
2 39
0 21
7 21
9 25
12 30
4 22
2 22
7 11
7 57
10 21
10 22
11 22
27 12
39 9
25 22
30 22
57 10
25 27
25 30
12 25
21 57
11 57
10 30
39 25
22 39

shared_faces 18
2 7 0 21
2 25 12 30
2 2 4 22
2 7 4 11
2 21 7 57
2 11 10 57
2 10 11 22
2 4 22 11
2 10 22 30
2 39 22 25
2 22 25 30
2 25 9 27
2 12 25 27
2 10 21 57
2 7 11 57
2 12 10 30
2 9 39 25
2 2 22 39

# group 2
shared_vertices 10
13
14
15
17
18
19
24
56
52
35

shared_edges 27
3 18
3 15
15 18
13 19
2 18
2 14
9 56
13 18
18 19
14 19
9 52
14 18
13 17
17 19
13 15
9 35
13 24
3 24
15 24
56 14
52 19
35 17
18 48
56 52
19 56
52 35
17 52

shared_faces 16
2 3 18 15
2 18 3 48
2 13 18 19
2 19 14 56
2 14 2 18
2 19 13 17
2 17 19 52
2 14 18 19
2 18 13 15
2 3 24 15
2 15 13 24
2 2 18 48
2 56 9 52
2 19 56 52
2 52 9 35
2 17 52 35

# group 3
shared_vertices 2
54
58

shared_edges 8
3 54
1 58
54 4
58 4
54 48
2 54
54 58
1 54

shared_faces 6
2 2 4 54
2 54 1 58
2 54 3 48
2 2 54 48
2 4 54 58
2 3 1 54

# group 4
shared_vertices 1
1

shared_edges 1
1 3

shared_faces 0

# group 5
shared_vertices 1
4

shared_edges 1
2 4

shared_faces 0

# group 6
shared_vertices 2
3
48

shared_edges 2
2 48
48 3

shared_faces 0

# group 7
shared_vertices 1
2

shared_edges 0

shared_faces 0

# group 8
shared_vertices 1
9

shared_edges 0

shared_faces 0

mfem_mesh_end
