MFEM mesh v1.2

#
# MFEM Geometry Types (see mesh/geom.hpp):
#
# POINT       = 0
# SEGMENT     = 1
# TRIANGLE    = 2
# SQUARE      = 3
# TETRAHEDRON = 4
# CUBE        = 5
# PRISM       = 6
# PYRAMID     = 7
#

dimension
3

elements
143
1 4 0 7 5 6
1 4 4 7 50 49
1 4 5 3 7 49
1 4 3 5 7 6
1 4 3 12 22 47
1 4 4 2 12 49
1 4 6 0 36 33
1 4 2 11 13 14
1 4 2 4 12 13
1 4 8 25 29 30
1 4 10 13 15 37
1 4 8 14 25 41
1 4 12 2 13 14
1 4 15 13 25 26
1 4 10 17 37 44
1 4 17 16 38 43
1 4 15 37 26 27
1 4 4 18 5 40
1 4 3 12 6 22
1 4 4 12 5 49
1 4 10 19 13 40
1 4 10 13 21 15
1 4 11 20 21 46
1 4 0 5 17 38
1 4 5 18 17 42
1 4 16 31 33 28
1 4 5 3 12 6
1 4 8 46 41 39
1 4 20 15 21 39
1 4 5 12 40 42
1 4 18 0 5 17
1 4 6 12 38 33
1 4 0 6 5 38
1 4 20 10 21 15
1 4 2 12 22 14
1 4 11 19 13 21
1 4 9 31 34 35
1 4 14 11 13 46
1 4 23 11 20 21
1 4 13 4 12 40
1 4 8 31 25 48
1 4 15 13 21 41
1 4 10 17 42 37
1 4 14 12 22 25
1 4 19 10 13 21
1 4 20 10 23 21
1 4 10 24 23 21
1 4 10 19 24 21
1 4 19 11 24 21
1 4 11 23 24 21
1 4 12 25 26 28
1 4 16 25 26 27
1 4 25 15 26 27
1 4 25 16 26 28
1 4 15 25 29 27
1 4 25 16 29 27
1 4 25 15 29 30
1 4 9 31 32 34
1 4 16 31 32 33
1 4 31 6 32 33
1 4 31 16 32 34
1 4 8 31 34 29
1 4 31 16 34 29
1 4 31 8 34 35
1 4 6 36 32 33
1 4 12 13 37 26
1 4 12 14 13 25
1 4 13 15 25 41
1 4 12 37 43 28
1 4 16 0 17 38
1 4 16 37 44 27
1 4 12 5 38 43
1 4 12 31 25 28
1 4 20 15 39 45
1 4 12 4 5 40
1 4 16 0 38 33
1 4 5 6 12 38
1 4 12 13 40 37
1 4 6 22 12 31
1 4 21 15 41 39
1 4 17 5 42 43
1 4 22 14 25 48
1 4 16 36 32 34
1 4 13 15 37 26
1 4 15 25 41 30
1 4 16 17 37 43
1 4 15 10 37 44
1 4 5 17 38 43
1 4 16 31 25 29
1 4 15 39 45 30
1 4 0 6 38 33
1 4 13 10 40 37
1 4 15 41 39 30
1 4 5 12 42 43
1 4 36 9 32 34
1 4 25 8 41 30
1 4 31 8 25 29
1 4 39 8 45 30
1 4 41 8 39 30
1 4 0 16 36 33
1 4 14 13 25 41
1 4 13 12 25 26
1 4 17 16 37 44
1 4 16 38 43 28
1 4 16 37 26 28
1 4 10 18 40 42
1 4 4 13 19 40
1 4 8 46 39 45
1 4 10 17 18 42
1 4 12 6 31 33
1 4 13 11 21 46
1 4 12 40 42 37
1 4 12 38 33 28
1 4 13 14 46 41
1 4 22 12 31 25
1 4 17 42 37 43
1 4 36 16 32 33
1 4 37 16 43 28
1 4 37 15 44 27
1 4 31 16 25 28
1 4 38 12 43 28
1 4 37 12 26 28
1 4 18 5 40 42
1 4 20 21 46 39
1 4 40 10 42 37
1 4 38 16 33 28
1 4 14 8 46 41
1 4 42 12 37 43
1 4 37 16 26 27
1 4 31 12 33 28
1 4 21 13 46 41
1 4 46 20 39 45
1 4 21 41 46 39
1 4 3 7 50 51
1 4 7 4 5 49
1 4 12 2 22 47
1 4 2 12 49 47
1 4 3 5 12 49
1 4 31 22 25 48
1 4 14 8 25 48
1 4 7 1 50 51
1 4 12 3 49 47
1 4 7 3 50 49

boundary
40
4 2 7 3 6
4 2 7 4 50
4 2 7 1 51
4 2 7 0 5
4 2 4 7 5
4 2 0 7 6
3 2 20 10 15
3 2 34 8 29
3 2 17 16 44
4 2 18 4 5
2 2 14 11 46
3 2 18 0 17
3 2 16 0 36
3 2 29 15 27
2 2 46 20 45
2 2 2 11 14
3 2 10 20 23
3 2 17 10 18
3 2 15 10 44
3 2 45 15 30
3 2 0 16 17
4 2 0 18 5
4 2 1 7 50
4 2 3 7 51
3 2 34 9 35
3 2 10 17 44
2 2 8 14 46
3 2 36 9 34
3 2 29 8 30
2 2 11 20 46
3 2 44 16 27
3 2 20 15 45
3 2 8 34 35
3 2 16 36 34
3 2 15 29 30
3 2 15 44 27
3 2 16 34 29
3 2 16 29 27
2 2 8 46 45
3 2 8 45 30

vertices
52

nodes
FiniteElementSpace
FiniteElementCollection: H1_3D_P1
VDim: 3
Ordering: 1

0.5 -0.5 0.5
0.5 0.5 0.5
0 0 0
0 0 0.5
0.5 0 0
0.5 -0.25 0.25
0.25 -0.25 0.5
0.5 0 0.5
0 -0.5 0
-0.125 -0.5 0.25
0.25 -0.5 -0.125
0 -0.25 -0.25
0.25 -0.25 0.25
0.125 -0.25 -0.0625
0 -0.25 0
0.125 -0.5 -0.0625
0.25 -0.5 0.25
0.375 -0.5 0.1875
0.5 -0.5 0
0.25 -0.125 -0.125
0 -0.5 -0.25
0.125 -0.375 -0.1875
0 -0.25 0.25
0.125 -0.5 -0.3125
0.25 -0.3125 -0.3125
0.125 -0.375 0.125
0.1875 -0.375 0.09375
0.1875 -0.5 0.09375
0.25 -0.375 0.25
0.125 -0.5 0.125
0.0625 -0.5 -0.03125
0.125 -0.375 0.25
0.0625 -0.375 0.375
0.25 -0.375 0.375
0.0625 -0.5 0.25
-0.0625 -0.5 0.125
0.1875 -0.5 0.375
0.25 -0.375 0.0625
0.375 -0.375 0.375
0.0625 -0.4375 -0.09375
0.375 -0.25 -0.0625
0.0625 -0.375 -0.03125
0.375 -0.375 0.0625
0.3125 -0.375 0.21875
0.25 -0.5 0.0625
0 -0.5 -0.125
0 -0.375 -0.125
0 0 0.25
0 -0.375 0.125
0.25 0 0.25
0.5 0.25 0.25
0.25 0.25 0.5
mfem_serial_mesh_end

communication_groups
number_of_groups 8

# number of entities in each group, followed by ranks in group
1 4
2 4 5
2 2 4
2 3 4
4 1 2 3 4
3 3 4 5
3 1 3 4
6 0 1 2 3 4 5

total_shared_vertices 28
total_shared_edges 63
total_shared_faces 36

# group 0 has no shared entities

# group 1
shared_vertices 8
10
13
18
19
20
23
24
40

shared_edges 21
10 18
2 13
11 19
11 13
13 19
11 20
11 23
20 23
4 13
4 40
4 18
10 19
4 19
10 23
10 24
23 24
19 24
11 24
40 10
18 40
19 40

shared_faces 13
2 11 19 13
2 2 11 13
2 23 11 20
2 2 4 13
2 18 10 40
2 13 4 19
2 19 4 40
2 24 10 23
2 19 10 24
2 19 11 24
2 11 23 24
2 4 18 40
2 10 19 40

# group 2
shared_vertices 11
0
6
8
9
14
22
36
32
35
31
48

shared_edges 27
0 6
3 6
0 36
6 32
3 22
2 22
2 14
8 14
6 22
8 35
6 31
8 48
14 22
36 9
32 9
35 9
31 8
48 22
36 32
6 36
22 47
31 48
22 31
31 32
31 35
9 31
14 48

shared_faces 16
2 6 0 36
2 22 3 47
2 6 3 22
2 22 6 31
2 31 9 35
2 22 2 14
2 14 8 48
2 36 9 32
2 6 36 32
2 2 22 47
2 31 8 48
2 22 31 48
2 8 31 35
2 31 6 32
2 9 31 32
2 22 14 48

# group 3
shared_vertices 2
50
49

shared_edges 9
1 50
3 49
50 4
49 4
49 47
2 49
50 51
50 49
3 50

shared_faces 7
2 2 4 49
2 50 3 49
2 49 3 47
2 2 49 47
2 4 50 49
2 50 1 51
2 3 50 51

# group 4
shared_vertices 2
3
47

shared_edges 2
2 47
47 3

shared_faces 0

# group 5
shared_vertices 2
4
11

shared_edges 2
2 4
2 11

shared_faces 0

# group 6
shared_vertices 2
1
51

shared_edges 2
1 51
51 3

shared_faces 0

# group 7
shared_vertices 1
2

shared_edges 0

shared_faces 0

mfem_mesh_end
