0
0
2
2
-2
-2
0.999666
-0.00622321
2
2
-2
-2
-0.800334
0.662961
2.99967
1.99378
-1.00033
-2.00622
-0.781267
0.0606821
0.599666
2.06296
-2.20033
-0.737039
-0.0567679
0.540133
0.198733
1.04068
-1.76127
-0.919318
-0.303358
0.0180022
1.11923
1.22613
-1.23277
-0.145867
0.302963
0.340414
0.519842
0.498202
-1.12656
-0.462198
0.730842
0.0427183
0.879203
0.676554
-0.273277
0.00427395
0.27845
0.250298
1.42233
0.278016
0.0393544
-0.19258
0.622726
0.105511
0.762492
0.415006
-0.205592
0.085589
0.324663
0.196295
0.961556
0.220807
0.283897
-0.00978495
0.454121
0.15389
0.561843
0.277002
0.0874825
0.115588
0.369015
0.179808
0.620147
0.210385
0.288095
0.0973948
0.473612
0.14384
0.485234
0.219808
0.252797
0.139808
0.400394
0.17984
0.554965
0.18384
0.392259
0.10384
0.414318
0.187708
0.457341
0.21984
0.343447
0.13984
0.430446
0.169032
0.454318
0.235708
0.374318
0.139708
0.387247
0.205032
0.478446
0.209032
0.382446
0.129032
0.423247
0.169032
0.427247
0.245032
0.347247
0.165032
0.387248
0.205032
0.463247
0.209032
0.383247
0.129032
0.399545
0.204262
0.427248
0.245032
0.347248
0.165032
0.435545
0.168262
0.439545
0.244262
0.359545
0.164262
0.427977
0.186352
0.483545
0.216262
0.387545
0.120262
0.463977
0.186018
0.467977
0.226352
0.387977
0.146352
0.427977
0.222018
0.503977
0.226018
0.423977
0.146018
0.463977
0.186018
0.467977
0.262018
0.387977
0.182018
0.428302
0.222018
0.503977
0.226018
0.423977
0.146018
0.41204
0.191492
0.468302
0.262018
0.388302
0.182018
0.423353
0.19841
0.46004
0.231492
0.36404
0.151492
0.431962
0.205889
0.463353
0.23841
0.383353
0.15841
0.475162
0.162735
0.479962
0.253889
0.383962
0.157889
0.423322
0.198735
0.532762
0.202735
0.417562
0.122735
0.432042
0.206099
0.463642
0.238735
0.383002
0.158735
0.448814
0.187019
0.472042
0.254099
0.392042
0.158099
0.405614
0.223019
0.496814
0.227019
0.400814
0.147019
0.441614
0.187019
0.445614
0.263019
0.365614
0.183019
0.446466
0.202428
0.481614
0.227019
0.401614
0.147019
0.462254
0.187652
0.494466
0.242428
0.398466
0.162428
0.450219
0.202188
0.519854
0.227652
0.404654
0.147652
0.486506
0.238182
0.490539
0.242188
0.409899
0.162188
0.491079
0.252041
0.526506
0.286182
0.446506
0.190182
0.497942
0.260896
0.539079
0.309641
0.443079
0.194441
0.549782
0.198688
0.555542
0.330016
0.440342
0.191776
0.487574
0.242234
0.618902
0.247072
0.480662
0.150304
0.506849
0.23786
0.535958
0.282234
0.43919
0.202234
0.506118
0.252242
0.546849
0.27786
0.466849
0.19786
0.50921
0.264772
0.546118
0.292242
0.466118
0.212242
0.545209
0.221572
0.54921
0.312772
0.46921
0.216772
0.530261
0.239962
0.593209
0.261572
0.497209
0.181572
0.524384
0.25584
0.570261
0.279962
0.490261
0.199962
0.481184
0.29904
0.572384
0.30384
0.476384
0.20784
0.518621
0.258588
0.538784
0.35664
0.423584
0.24144
0.518294
0.294876
0.558941
0.298908
0.478301
0.218268
0.52472
0.297448
0.558294
0.334876
0.478294
0.254876
0.530506
0.300173
0.56472
0.345448
0.48472
0.249448
0.537222
0.302823
0.578506
0.357773
0.482506
0.242573
0.54455
0.306269
0.594822
0.371943
0.479622
0.233703
0.606758
0.23162
0.61367
0.389213
0.47543
0.223325
0.563656
0.2638
0.689702
0.289681
0.523814
0.173559
0.511402
0.300378
0.621717
0.304442
0.505595
0.223157
0.529006
0.297846
0.581075
0.349149
0.441729
0.251607
0.535805
0.302345
0.577777
0.337846
0.480235
0.257846
0.543652
0.307394
0.59433
0.342345
0.477279
0.262345
0.606859
0.264194
0.613882
0.355394
0.473421
0.259394
0.560751
0.282587
0.691135
0.304194
0.522583
0.224194
0.5494
0.296297
0.619745
0.322587
0.501758
0.242587
0.549471
0.308985
0.620192
0.344297
0.478608
0.248297
0.55353
0.317262
0.599026
0.366585
0.499917
0.251385
0.559581
0.322195
0.612995
0.386382
0.494064
0.248142
0.566349
0.32692
0.630939
0.405139
0.488222
0.239251
0.643415
0.237341
0.651979
0.426453
0.480718
0.227387
0.550935
0.300047
0.746172
0.307014
0.540659
0.167668
0.552436
0.312402
0.622865
0.348818
0.479006
0.251276
0.55647
0.320412
0.602787
0.370927
0.502085
0.253876
0.562496
0.32515
0.61689
0.390642
0.496049
0.250181
0.569135
0.329852
0.635001
0.409426
0.489991
0.240873
0.575514
0.335732
0.65614
0.430983
0.482129
0.22872
0.581234
0.340551
0.679921
0.45709
0.471107
0.214374
0.693993
0.335809
0.706522
0.48618
0.455945
0.194921
0.580068
0.391271
0.844339
0.437749
0.543647
0.233868
0.674786
0.327049
0.68531
0.46263
0.474826
0.319913
0.630382
0.350196
0.748455
0.377
0.601116
0.277098
0.614915
0.362728
0.681951
0.390196
0.578814
0.310196
0.597656
0.362958
0.676798
0.410728
0.553033
0.314728
0.601229
0.36905
0.671915
0.420558
0.523397
0.305358
0.648012
0.306842
0.65321
0.43817
0.549248
0.29993
0.615058
0.328907
0.710389
0.355226
0.585634
0.258458
0.603495
0.340239
0.658723
0.368907
0.571394
0.288907
0.594536
0.353494
0.655892
0.388239
0.551098
0.292239
0.627558
0.405334
0.657412
0.411094
0.531659
0.295894
0.629153
0.405237
0.671572
0.474454
0.583544
0.336214
0.676688
0.361692
0.68197
0.453621
0.576337
0.356853
0.644113
0.385687
0.740067
0.419753
0.613308
0.303631
0.634716
0.395732
0.688479
0.426329
0.599748
0.345044
0.630192
0.404282
0.687955
0.444503
0.581478
0.346961
0.687689
0.35161
0.694078
0.462807
0.566305
0.345757
0.647441
0.388481
0.73241
0.392577
0.642969
0.310642
0.639112
0.398405
0.687441
0.428481
0.607441
0.348481
0.634052
0.407218
0.687112
0.446405
0.591112
0.350405
0.685892
0.355918
0.691652
0.464818
0.576452
0.349618
0.649604
0.392206
0.726212
0.396238
0.645572
0.315598
0.641363
0.401917
0.689604
0.432206
0.609604
0.352206
0.636423
0.410474
0.689363
0.449917
0.593363
0.353917
0.688263
0.358634
0.694023
0.468074
0.578823
0.352874
0.669385
0.375098
0.728583
0.398954
0.647943
0.318314
0.633385
0.411098
0.709385
0.415098
0.629385
0.335098
0.634766
0.413563
0.681385
0.459098
0.585385
0.363098
0.649092
0.396572
0.674766
0.471163
0.594766
0.355963
0.605892
0.432859
0.697092
0.436892
0.601092
0.356252
0.614441
0.425112
0.645892
0.472859
0.565892
0.392859
0.634041
0.411369
0.654441
0.465112
0.574441
0.385112
0.635264
0.414026
0.682041
0.459369
0.586041
0.363369
0.687103
0.378027
0.692864
0.454026
0.577664
0.374026
0.650324
0.392626
0.756223
0.418027
0.617983
0.338027
0.606779
0.428626
0.698708
0.432626
0.60194
0.352626
0.621664
0.418378
0.664839
0.476626
0.548718
0.380626
0.626241
0.416067
0.662307
0.458378
0.581022
0.378378
0.647762
0.39041
0.675012
0.464067
0.57747
0.368067
0.620424
0.407616
0.706287
0.44801
0.589236
0.33281
0.623798
0.40746
0.661392
0.447936
0.579456
0.367296
0.626287
0.408348
0.663798
0.44746
0.583798
0.36746
0.669487
0.372348
0.674287
0.448348
0.578287
0.368348
0.644082
0.386081
0.727087
0.412348
0.611887
0.332348
0.627104
0.389648
0.684402
0.426081
0.603762
0.346081
0.624985
0.397805
0.675488
0.437648
0.57872
0.341648
0.64537
0.380031
0.683046
0.455405
0.566924
0.340205
0.635915
0.390842
0.686013
0.420351
0.604727
0.339711
0.631419
0.399013
0.675915
0.430842
0.595915
0.350842
0.630366
0.405878
0.679419
0.447013
0.583419
0.351013
0.6526
0.380596
0.687966
0.463478
0.572766
0.348278
0.641694
0.392111
0.69292
0.420916
0.61228
0.340276
0.635648
0.400864
0.681694
0.432111
0.601694
0.352111
0.633338
0.40843
0.683648
0.448864
0.587648
0.352864
0.634604
0.411522
0.690938
0.46603
0.575738
0.35083
0.635215
0.412837
0.674924
0.480642
0.594284
0.342402
0.636376
0.411791
0.683599
0.495781
0.586831
0.329893
0.637361
0.414947
0.694437
0.469852
0.578316
0.353731
0.639954
0.41779
0.707034
0.455589
0.567688
0.374304
0.674921
0.396077
0.723562
0.466561
0.556347
0.369019
0.584625
0.432076
0.77525
0.436077
0.574592
0.356077
0.610462
0.421643
0.654855
0.472076
0.514395
0.392076
0.620129
0.416396
0.659624
0.461643
0.561301
0.381643
0.629229
0.412072
0.679123
0.464396
0.561136
0.368396
0.692942
0.360232
0.700022
0.469672
0.558437
0.354472
0.63982
0.392321
0.777893
0.429352
0.607992
0.291112
0.629449
0.402485
0.699285
0.440705
0.580354
0.343937
0.631321
0.406267
0.700807
0.460546
0.55809
0.344424
0.632327
0.408455
0.681272
0.47594
0.58137
0.336594
0.634235
0.408065
0.692269
0.492063
0.572386
0.324848
0.698971
0.355392
0.706164
0.46659
0.562306
0.349539
0.642723
0.38949
0.785286
0.425623
0.612656
0.285162
0.629345
0.400879
0.703144
0.438651
0.582303
0.340329
0.694599
0.347785
0.701849
0.459872
0.55684
0.341885
0.666701
0.365934
0.745352
0.389081
0.643845
0.30649
0.651621
0.380081
0.706701
0.405934
0.626701
0.325934
0.636185
0.393339
0.699621
0.428081
0.603621
0.332081
0.628914
0.404214
0.693785
0.450939
0.578585
0.335739
0.691122
0.342007
0.698034
0.473334
0.559794
0.335094
0.665
0.364267
0.739506
0.390391
0.642738
0.293623
0.650026
0.378429
0.705
0.404267
0.625
0.324267
0.636031
0.392455
0.698026
0.426429
0.602026
0.330429
0.650272
0.404222
0.693631
0.450055
0.578431
0.334855
0.644045
0.418591
0.690592
0.473342
0.609952
0.335102
0.643403
0.422311
0.684045
0.501535
0.604045
0.335647
0.64399
0.418932
0.691403
0.521844
0.595403
0.322778
0.643433
0.422937
0.68399
0.488605
0.60399
0.349259
0.643791
0.425291
0.683433
0.471708
0.603433
0.374166
0.644475
0.425938
0.683791
0.483816
0.603791
0.366765
0.645615
0.42509
0.692475
0.496169
0.596475
0.355708
0.646697
0.427433
0.703215
0.474252
0.588015
0.375929
0.708905
0.391433
0.715817
0.467433
0.577577
0.387433
0.658084
0.40652
0.791849
0.431433
0.625961
0.351433
0.643822
0.41536
0.716144
0.44652
0.600023
0.36652
0.674467
0.426158
0.713495
0.46336
0.574149
0.36736
0.662428
0.438884
0.723238
0.483758
0.625696
0.368558
0.660401
0.444791
0.702428
0.508004
0.622428
0.369764
0.660494
0.442316
0.708401
0.527735
0.612401
0.361847
0.659781
0.444487
0.700494
0.500377
0.620494
0.384256
0.673819
0.431945
0.699781
0.48513
0.619781
0.403845
0.666192
0.439505
0.713819
0.471945
0.633819
0.391945
0.630194
0.475504
0.706192
0.479505
0.626192
0.399505
0.642809
0.461533
0.678194
0.523504
0.582194
0.427504
0.678809
0.425533
0.682809
0.501533
0.602809
0.421533
0.66548
0.436708
0.726809
0.473533
0.630809
0.377533
0.661763
0.442306
0.70548
0.476708
0.62548
0.396708
0.660649
0.445518
0.709763
0.490306
0.613763
0.394306
0.66139
0.445942
0.718249
0.503118
0.603049
0.387918
0.661131
0.445549
0.70171
0.515062
0.62107
0.376822
0.660867
0.447161
0.701131
0.493933
0.621131
0.397165
0.68017
0.429499
0.708867
0.487161
0.612867
0.407161
0.670375
0.438222
0.72017
0.469499
0.64017
0.389499
0.665214
0.444362
0.710375
0.478222
0.630375
0.398222
0.685747
0.449785
0.713214
0.492362
0.617214
0.396362
0.67804
0.459843
0.725747
0.507385
0.645747
0.392185
0.675493
0.464388
0.71804
0.528963
0.63804
0.390723
0.718693
0.389739
0.723493
0.547332
0.627493
0.381444
0.698537
0.415281
0.758693
0.4478
0.678693
0.331678
0.683173
0.427808
0.738537
0.455924
0.658537
0.374639
0.668949
0.439562
0.731173
0.476579
0.635173
0.379037
0.661605
0.447334
0.726549
0.498087
0.611349
0.381036
