2
2
2
2
-2
-2
0.2
0.947542
4
4
0
0
0.192079
-0.849221
2.2
2.94754
-1.8
-1.05246
-0.607358
-0.145771
2.59208
1.55078
-2.20792
-3.24922
-0.323392
-0.155807
2.27264
1.53423
-3.48736
-1.82577
-0.292348
-0.169418
1.69261
1.02019
-2.33939
-1.33181
-0.190713
-0.186472
2.12685
1.24178
-2.71155
-1.58062
-0.172966
-0.210391
2.71233
1.50697
-3.09375
-1.87991
-0.180307
-0.217956
3.31068
1.82174
-3.65661
-2.24252
-0.150989
-0.137953
2.25825
2.2206
-2.61886
-2.65651
-0.221165
-0.168216
1.556
1.56903
-1.85798
-1.84494
-0.254134
-0.184821
0.973727
1.02668
-1.41606
-1.36311
-0.287582
-0.20281
1.17974
1.24905
-1.688
-1.61869
-0.321581
-0.222368
1.43306
1.51783
-2.00822
-1.92345
-0.263112
-0.202489
1.74319
1.8424
-2.38635
-2.28714
-0.294067
-0.219648
1.18223
1.24285
-1.70845
-1.64783
-0.312508
-0.230568
0.717671
0.79209
-1.30581
-1.23139
-0.332868
-0.243071
0.901578
0.983518
-1.52659
-1.44465
-0.355114
-0.25731
1.12403
1.21383
-1.78977
-1.69997
-0.379274
-0.273482
1.39317
1.49097
-2.1034
-2.00559
-0.26833
-0.209529
1.71867
1.82446
-2.47721
-2.37142
-0.298605
-0.226562
1.20023
1.25903
-1.73689
-1.67809
-0.316744
-0.237449
0.729386
0.801429
-1.3266
-1.25455
-0.336791
-0.249928
0.916845
0.99614
-1.55033
-1.47104
-0.358758
-0.264169
1.14352
1.23038
-1.8171
-1.73023
-0.382664
-0.280371
1.41761
1.5122
-2.13513
-2.04054
-0.254219
-0.197525
1.74898
1.85127
-2.51431
-2.41201
-0.287692
-0.21573
1.23793
1.29462
-1.74637
-1.68967
-0.307366
-0.227222
0.756812
0.828775
-1.3322
-1.26023
-0.328948
-0.240329
0.94604
1.02618
-1.56077
-1.48063
-0.352364
-0.255194
1.17514
1.26376
-1.83303
-1.74442
-0.377648
-0.272019
1.45254
1.54971
-2.15727
-2.0601
-0.236988
-0.17826
1.78824
1.89387
-2.54353
-2.4379
-0.27544
-0.198253
1.27913
1.33786
-1.75311
-1.69438
-0.297337
-0.2106
0.785844
0.86303
-1.33672
-1.25954
-0.32104
-0.224546
0.976203
1.06294
-1.57088
-1.48414
-0.346439
-0.240225
1.20721
1.3037
-1.84929
-1.75279
-0.373555
-0.257833
1.48746
1.59367
-2.18034
-2.07412
-0.22022
-0.155964
1.82712
1.94284
-2.57423
-2.45851
-0.265141
-0.178317
1.32025
1.38451
-1.76069
-1.69644
-0.289656
-0.19168
0.813191
0.900015
-1.34347
-1.25665
-0.315756
-0.206579
1.00434
1.10232
-1.58365
-1.48568
-0.343332
-0.223149
1.23704
1.34622
-1.86855
-1.75938
-0.361928
-0.241566
1.52003
1.64021
-2.20669
-2.08651
-0.206733
-0.139088
1.8741
1.99446
-2.59796
-2.4776
-0.257972
-0.163798
1.35849
1.42613
-1.77195
-1.70431
-0.284784
-0.178077
0.837683
0.931856
-1.35363
-1.25945
-0.3129
-0.193805
1.03
1.13671
-1.59957
-1.49286
-0.342254
-0.21113
1.26484
1.38394
-1.89064
-1.77155
-0.349049
-0.230213
1.55104
1.68216
-2.23554
-2.10442
-0.202787
-0.134598
1.9229
2.04174
-2.621
-2.50216
-0.256634
-0.160348
1.38758
1.45577
-1.79315
-1.72496
-0.284357
-0.175038
0.856621
0.952906
-1.36989
-1.2736
-0.313251
-0.191143
1.05155
1.16087
-1.62026
-1.51094
-0.34328
-0.208824
1.28984
1.41194
-1.91634
-1.79423
-0.336037
-0.228245
1.58042
1.71488
-2.26698
-2.13253
-0.357151
-0.134394
1.01056
2.0802
-1.68263
-2.53669
-0.375022
-0.152256
0.585464
1.48152
-1.29977
-1.75031
-0.39421
-0.163833
0.756116
0.978882
-1.50616
-1.28339
-0.415125
-0.176892
0.963156
1.19353
-1.75158
-1.5212
-0.437819
-0.191602
1.21371
1.45195
-2.04396
-1.80573
-0.361775
-0.208135
1.51679
1.763
-2.39243
-2.14621
-0.38261
-0.124443
1.00645
2.13739
-1.73
-2.55366
-0.399755
-0.141763
0.575147
1.51743
-1.34037
-1.76631
-0.418225
-0.153021
0.749554
1.00755
-1.54906
-1.29107
-0.438437
-0.165749
0.960946
1.22615
-1.7974
-1.53219
-0.460442
-0.18011
1.21657
1.48926
-2.09344
-1.82075
-0.357844
-0.19628
1.52556
1.8059
-2.44645
-2.16612
-0.379964
-0.119529
1.03236
2.18693
-1.74805
-2.57949
-0.397835
-0.137424
0.593179
1.54872
-1.35311
-1.78777
-0.416968
-0.149001
0.769937
1.03035
-1.56561
-1.3052
-0.437821
-0.162048
0.984358
1.25232
-1.81829
-1.55033
-0.460438
-0.176729
1.24377
1.51954
-2.11941
-1.84364
-0.34367
-0.193221
1.55747
1.84118
-2.47835
-2.19464
-0.367404
-0.119182
1.06887
2.22827
-1.75621
-2.61471
-0.386432
-0.138011
0.621371
1.57586
-1.35618
-1.81423
-0.406635
-0.150115
0.800099
1.04852
-1.57296
-1.32454
-0.428507
-0.163693
1.0172
1.27372
-1.83047
-1.57395
-0.452099
-0.178914
1.2801
1.54491
-2.13711
-1.8723
-0.325419
-0.183635
1.59823
1.87141
-2.50242
-2.22924
-0.351748
-0.116197
1.10981
2.27675
-1.76065
-2.64402
-0.37243
-0.136299
0.652911
1.60608
-1.35641
-1.83847
-0.394099
-0.149085
0.833161
1.06929
-1.57802
-1.34189
-0.417355
-0.163336
1.05261
1.29762
-1.84081
-1.59579
-0.442244
-0.179224
1.3187
1.57271
-2.15341
-1.89939
-0.306388
-0.169338
1.64102
1.90404
-2.5255
-2.26248
-0.336201
-0.186341
1.15189
1.28894
-1.76467
-1.62762
-0.354003
-0.197076
0.684597
0.834456
-1.357
-1.20714
-0.373649
-0.209318
0.870954
1.02788
-1.57896
-1.42203
-0.395146
-0.223219
1.0963
1.26063
-1.8436
-1.67927
-0.418521
-0.238963
1.36879
1.54072
-2.15908
-1.98716
-0.278221
-0.183442
1.69821
1.87776
-2.53525
-2.35569
-0.31017
-0.201236
1.20349
1.29827
-1.75993
-1.66515
-0.329067
-0.212452
0.727026
0.83596
-1.34737
-1.23843
-0.349838
-0.225233
0.915568
1.03218
-1.5737
-1.45709
-0.372455
-0.239728
1.14372
1.26833
-1.8434
-1.71879
-0.396944
-0.256131
1.41982
1.55255
-2.16473
-2.032
-0.25282
-0.176962
1.75379
1.8946
-2.54767
-2.40686
-0.289054
-0.196273
1.25269
1.32855
-1.75833
-1.68247
-0.309946
-0.208262
0.764804
0.857584
-1.34291
-1.25013
